112
NULL 0 NULL 0
Joined 0 0,255,0,255,0,0,0,0,0,0 NULL 0 0 0 	# Joined [4a 6f 69 6e 65 64 ]
|Broken|0|1 0 0,255,0,255,0,0,0,0,0,0 NULL 0 0 0 	# Broken
C 5 0,255,0,255,0,0,0,0,0,0 Latin 87 0 3 C	# C [43 ]A
H 5 0,255,0,255,0,0,0,0,0,0 Latin 97 0 4 H	# H [48 ]A
E 5 0,255,0,255,0,0,0,0,0,0 Latin 92 0 5 E	# E [45 ]A
S 5 0,255,0,255,0,0,0,0,0,0 Latin 95 0 6 S	# S [53 ]A
- 16 0,255,0,255,0,0,0,0,0,0 Common 7 3 7 -	# - [2d ]p
R 5 0,255,0,255,0,0,0,0,0,0 Latin 103 0 8 R	# R [52 ]A
I 5 0,255,0,255,0,0,0,0,0,0 Latin 85 0 9 I	# I [49 ]A
K 5 0,255,0,255,0,0,0,0,0,0 Latin 107 0 10 K	# K [4b ]A
N 5 0,255,0,255,0,0,0,0,0,0 Latin 86 0 11 N	# N [4e ]A
G 5 0,255,0,255,0,0,0,0,0,0 Latin 96 0 12 G	# G [47 ]A
B 5 0,255,0,255,0,0,0,0,0,0 Latin 98 0 13 B	# B [42 ]A
8 8 0,255,0,255,0,0,0,0,0,0 Common 14 2 14 8	# 8 [38 ]0
5 8 0,255,0,255,0,0,0,0,0,0 Common 15 2 15 5	# 5 [35 ]0
F 5 0,255,0,255,0,0,0,0,0,0 Latin 102 0 16 F	# F [46 ]A
, 16 0,255,0,255,0,0,0,0,0,0 Common 17 6 17 ,	# , [2c ]p
( 16 0,255,0,255,0,0,0,0,0,0 Common 18 10 22 (	# ( [28 ]p
/ 16 0,255,0,255,0,0,0,0,0,0 Common 19 6 19 /	# / [2f ]p
L 5 0,255,0,255,0,0,0,0,0,0 Latin 89 0 20 L	# L [4c ]A
T 5 0,255,0,255,0,0,0,0,0,0 Latin 91 0 21 T	# T [54 ]A
) 16 0,255,0,255,0,0,0,0,0,0 Common 22 10 18 )	# ) [29 ]p
O 5 0,255,0,255,0,0,0,0,0,0 Latin 94 0 23 O	# O [4f ]A
Y 5 0,255,0,255,0,0,0,0,0,0 Latin 109 0 24 Y	# Y [59 ]A
. 16 0,255,0,255,0,0,0,0,0,0 Common 25 6 25 .	# . [2e ]p
D 5 0,255,0,255,0,0,0,0,0,0 Latin 106 0 26 D	# D [44 ]A
A 5 0,255,0,255,0,0,0,0,0,0 Latin 90 0 27 A	# A [41 ]A
M 5 0,255,0,255,0,0,0,0,0,0 Latin 93 0 28 M	# M [4d ]A
U 5 0,255,0,255,0,0,0,0,0,0 Latin 88 0 29 U	# U [55 ]A
P 5 0,255,0,255,0,0,0,0,0,0 Latin 105 0 30 P	# P [50 ]A
[ 16 0,255,0,255,0,0,0,0,0,0 Common 31 10 32 [	# [ [5b ]p
] 16 0,255,0,255,0,0,0,0,0,0 Common 32 10 31 ]	# ] [5d ]p
9 8 0,255,0,255,0,0,0,0,0,0 Common 33 2 33 9	# 9 [39 ]0
7 8 0,255,0,255,0,0,0,0,0,0 Common 34 2 34 7	# 7 [37 ]0
0 8 0,255,0,255,0,0,0,0,0,0 Common 35 2 35 0	# 0 [30 ]0
1 8 0,255,0,255,0,0,0,0,0,0 Common 36 2 36 1	# 1 [31 ]0
4 8 0,255,0,255,0,0,0,0,0,0 Common 37 2 37 4	# 4 [34 ]0
2 8 0,255,0,255,0,0,0,0,0,0 Common 38 2 38 2	# 2 [32 ]0
W 5 0,255,0,255,0,0,0,0,0,0 Latin 104 0 39 W	# W [57 ]A
3 8 0,255,0,255,0,0,0,0,0,0 Common 40 2 40 3	# 3 [33 ]0
< 0 0,255,0,255,0,0,0,0,0,0 Common 41 10 42 <	# < [3c ]
> 0 0,255,0,255,0,0,0,0,0,0 Common 42 10 41 >	# > [3e ]
" 16 0,255,0,255,0,0,0,0,0,0 Common 43 10 43 "	# " [22 ]p
V 5 0,255,0,255,0,0,0,0,0,0 Latin 100 0 44 V	# V [56 ]A
X 5 0,255,0,255,0,0,0,0,0,0 Latin 108 0 45 X	# X [58 ]A
' 16 0,255,0,255,0,0,0,0,0,0 Common 46 10 46 '	# ' [27 ]p
~ 0 0,255,0,255,0,0,0,0,0,0 Common 47 10 47 ~	# ~ [7e ]
! 16 0,255,0,255,0,0,0,0,0,0 Common 48 10 48 !	# ! [21 ]p
J 5 0,255,0,255,0,0,0,0,0,0 Latin 110 0 49 J	# J [4a ]A
Q 5 0,255,0,255,0,0,0,0,0,0 Latin 101 0 50 Q	# Q [51 ]A
Z 5 0,255,0,255,0,0,0,0,0,0 Latin 99 0 51 Z	# Z [5a ]A
+ 0 0,255,0,255,0,0,0,0,0,0 Common 52 3 52 +	# + [2b ]
@ 16 0,255,0,255,0,0,0,0,0,0 Common 53 10 53 @	# @ [40 ]p
& 16 0,255,0,255,0,0,0,0,0,0 Common 54 10 54 &	# & [26 ]p
’ 16 0,255,0,255,0,0,0,0,0,0 Common 55 10 55 '	# ’ [2019 ]p
= 0 0,255,0,255,0,0,0,0,0,0 Common 56 10 56 =	# = [3d ]
_ 16 0,255,0,255,0,0,0,0,0,0 Common 57 10 57 _	# _ [5f ]p
€ 0 0,255,0,255,0,0,0,0,0,0 Common 58 4 58 €	# € [20ac ]
™ 0 0,255,0,255,0,0,0,0,0,0 Common 59 10 59 TM	# ™ [2122 ]
“ 16 0,255,0,255,0,0,0,0,0,0 Common 60 10 60 "	# “ [201c ]p
| 0 0,255,0,255,0,0,0,0,0,0 Common 61 10 61 |	# | [7c ]
? 16 0,255,0,255,0,0,0,0,0,0 Common 62 10 62 ?	# ? [3f ]p
: 16 0,255,0,255,0,0,0,0,0,0 Common 63 6 63 :	# : [3a ]p
6 8 0,255,0,255,0,0,0,0,0,0 Common 64 2 64 6	# 6 [36 ]0
{ 16 0,255,0,255,0,0,0,0,0,0 Common 65 10 66 {	# { [7b ]p
} 16 0,255,0,255,0,0,0,0,0,0 Common 66 10 65 }	# } [7d ]p
$ 0 0,255,0,255,0,0,0,0,0,0 Common 67 4 67 $	# $ [24 ]
; 16 0,255,0,255,0,0,0,0,0,0 Common 68 10 68 ;	# ; [3b ]p
\ 16 0,255,0,255,0,0,0,0,0,0 Common 69 10 69 \	# \ [5c ]p
— 16 0,255,0,255,0,0,0,0,0,0 Common 70 10 70 -	# — [2014 ]p
” 16 0,255,0,255,0,0,0,0,0,0 Common 71 10 71 "	# ” [201d ]p
* 16 0,255,0,255,0,0,0,0,0,0 Common 72 10 72 *	# * [2a ]p
# 16 0,255,0,255,0,0,0,0,0,0 Common 73 4 73 #	# # [23 ]p
» 16 0,255,0,255,0,0,0,0,0,0 Common 74 10 78 »	# » [bb ]p
® 0 0,255,0,255,0,0,0,0,0,0 Common 75 10 75 ®	# ® [ae ]
% 16 0,255,0,255,0,0,0,0,0,0 Common 76 4 76 %	# % [25 ]p
£ 0 0,255,0,255,0,0,0,0,0,0 Common 77 4 77 £	# £ [a3 ]
« 16 0,255,0,255,0,0,0,0,0,0 Common 78 10 74 «	# « [ab ]p
° 0 0,255,0,255,0,0,0,0,0,0 Common 79 4 79 °	# ° [b0 ]
© 0 0,255,0,255,0,0,0,0,0,0 Common 80 10 80 ©	# © [a9 ]
§ 16 0,255,0,255,0,0,0,0,0,0 Common 81 10 81 §	# § [a7 ]p
¥ 0 0,255,0,255,0,0,0,0,0,0 Common 82 4 82 ¥	# ¥ [a5 ]
¢ 0 0,255,0,255,0,0,0,0,0,0 Common 83 4 83 ¢	# ¢ [a2 ]
‘ 16 0,255,0,255,0,0,0,0,0,0 Common 84 10 84 '	# ‘ [2018 ]p
i 3 0,255,0,255,0,0,0,0,0,0 Latin 9 0 85 i	# i [69 ]a
n 3 0,255,0,255,0,0,0,0,0,0 Latin 11 0 86 n	# n [6e ]a
c 3 0,255,0,255,0,0,0,0,0,0 Latin 3 0 87 c	# c [63 ]a
u 3 0,255,0,255,0,0,0,0,0,0 Latin 29 0 88 u	# u [75 ]a
l 3 0,255,0,255,0,0,0,0,0,0 Latin 20 0 89 l	# l [6c ]a
a 3 0,255,0,255,0,0,0,0,0,0 Latin 27 0 90 a	# a [61 ]a
t 3 0,255,0,255,0,0,0,0,0,0 Latin 21 0 91 t	# t [74 ]a
e 3 0,255,0,255,0,0,0,0,0,0 Latin 5 0 92 e	# e [65 ]a
m 3 0,255,0,255,0,0,0,0,0,0 Latin 28 0 93 m	# m [6d ]a
o 3 0,255,0,255,0,0,0,0,0,0 Latin 23 0 94 o	# o [6f ]a
s 3 0,255,0,255,0,0,0,0,0,0 Latin 6 0 95 s	# s [73 ]a
g 3 0,255,0,255,0,0,0,0,0,0 Latin 12 0 96 g	# g [67 ]a
h 3 0,255,0,255,0,0,0,0,0,0 Latin 4 0 97 h	# h [68 ]a
b 3 0,255,0,255,0,0,0,0,0,0 Latin 13 0 98 b	# b [62 ]a
z 3 0,255,0,255,0,0,0,0,0,0 Latin 51 0 99 z	# z [7a ]a
v 3 0,255,0,255,0,0,0,0,0,0 Latin 44 0 100 v	# v [76 ]a
q 3 0,255,0,255,0,0,0,0,0,0 Latin 50 0 101 q	# q [71 ]a
f 3 0,255,0,255,0,0,0,0,0,0 Latin 16 0 102 f	# f [66 ]a
r 3 0,255,0,255,0,0,0,0,0,0 Latin 8 0 103 r	# r [72 ]a
w 3 0,255,0,255,0,0,0,0,0,0 Latin 39 0 104 w	# w [77 ]a
p 3 0,255,0,255,0,0,0,0,0,0 Latin 30 0 105 p	# p [70 ]a
d 3 0,255,0,255,0,0,0,0,0,0 Latin 26 0 106 d	# d [64 ]a
k 3 0,255,0,255,0,0,0,0,0,0 Latin 10 0 107 k	# k [6b ]a
x 3 0,255,0,255,0,0,0,0,0,0 Latin 45 0 108 x	# x [78 ]a
y 3 0,255,0,255,0,0,0,0,0,0 Latin 24 0 109 y	# y [79 ]a
j 3 0,255,0,255,0,0,0,0,0,0 Latin 49 0 110 j	# j [6a ]a
é 3 0,255,0,255,0,0,0,0,0,0 Latin 111 0 111 é	# é [e9 ]a
